#Comments line begin with "#"
#GEMROC TIGER CH (also wrote first:last)
#0 7 45
#0 4 4
#0 4 17
#0 2 1
#3 4 17
#2 7 37
#1 1 34
#0 6 36
#0 7 19
#2 3 16
#0 0 9
#0 1 15
#0 1 19
#0 1 23
#0 1 12
6 1 56
6 1 59
4 4 52
4 6 50
9 4 20
9 4 24
9 4 26
8 0 20
10 2 53
10 5 29
10 5 54
5 6 22
#10 4 56
#10 7 45
#5 6 50
#5 6 52
#6 0 57
#6 0 50
#6 0 21
#6 6 10
#7 0 57
#8 1 45
#8 7 25
#8 6 42
#8 6 1
#8 6 8
#9 0 12
#4 1 10
#4 2 29
#4 6 57
#5 4 50
#5 5 32
#5 7 14
#5 7 3
#5 3 3
#9 1 3
9 3 3
9 3 4
9 3 11
9 3 22
9 3 19
9 3 12
9 3 15
9 3 14
9 3 0
9 3 26
9 3 49
9 3 20
10 7 3
10 7 11
10 7 22
10 7 4
10 7 12
10 7 23
10 7 19
10 7 15
10 7 14
10 7 60
10 7 0
10 7 26
10 7 49
10 7 55
10 7 51
10 7 20
10 7 16
10 7 28
10 7 59
10 7 56
10 7 50
10 7 52
